20110210072235,sample_page
20130719200041,parked
20160601013550,alive
20160708032656,alive
20160808050229,alive
20160916041906,alive
20161017122337,alive
20161101125346,alive
20170116033847,alive
20180105054234,content_dead
20180314125247,content_dead
20180529153128,content_dead
20180613191038,content_dead
